
-------------------------------------------------------------------------------
  PTA Activity Trends                                                          
-------------------------------------------------------------------------------

Frequencies of PTA activity categories over time:
	pta_category  Active  Inactive  Missing  Total
	year                                          
	2019            1004       259      225   1488
	2020             992       231      230   1453
	2021             840       235      366   1441
	2022            1033       333       67   1433
	2023             828       213      408   1449
	2024             859       243      347   1449
	2025             831       301      322   1454

-------------------------------------------------------------------------------
  ENI Trends                                                                   
-------------------------------------------------------------------------------

Mean ENI of within PTA activity category over time:
	pta_category  Active  Inactive  Missing
	year                                   
	2019            0.70      0.87     0.79
	2020            0.70      0.88     0.80
	2021            0.68      0.89     0.82
	2022            0.70      0.87     0.80
	2023            0.71      0.90     0.78
	2024            0.74      0.91     0.81
	2025            0.74      0.90     0.81

ENI quintiles, by year:
	      0.20  0.40  0.60  0.80
	year                        
	2019  0.59  0.76  0.85  0.92
	2020  0.59  0.77  0.85  0.92
	2021  0.60  0.77  0.85  0.92
	2022  0.60  0.76  0.85  0.91
	2023  0.62  0.78  0.86  0.92
	2024  0.65  0.81  0.89  0.94
	2025  0.66  0.81  0.89  0.94

Share of schools with active PTAs by ENI quintile over time:
	eni_quintile   Q1   Q2   Q3   Q4   Q5
	year                                 
	2019         0.90 0.81 0.61 0.55 0.51
	2020         0.91 0.82 0.66 0.57 0.46
	2021         0.91 0.74 0.54 0.44 0.29
	2022         0.96 0.89 0.71 0.58 0.48
	2023         0.79 0.67 0.55 0.47 0.38
	2024         0.83 0.72 0.57 0.49 0.37
	2025         0.82 0.72 0.56 0.45 0.32

Median per-pupil PTA income by ENI quintile (active PTAs only):
	eni_quintile     Q1    Q2    Q3   Q4   Q5
	year                                     
	2019         141.66 22.14  8.93 7.48 7.35
	2020         104.42 12.31  5.04 4.85 2.71
	2021          54.94  5.29  1.33 0.08 0.00
	2022         111.88 13.50  6.01 3.73 2.54
	2023         130.04 21.10 11.44 7.96 2.91
	2024         150.57 25.67 10.87 9.28 3.43
	2025         177.49 29.35 10.18 9.67 4.48

Median per-pupil PTA expenditure by ENI quintile (active PTAs only):
	eni_quintile     Q1    Q2   Q3   Q4   Q5
	year                                    
	2019         124.76 16.77 6.58 6.43 6.58
	2020          77.07  6.68 2.14 1.73 1.28
	2021          40.09  3.81 1.09 0.47 0.08
	2022          80.15  8.31 3.13 1.55 0.82
	2023         112.72 17.37 6.89 4.67 1.12
	2024         117.21 17.09 5.45 6.67 1.87
	2025         148.56 21.23 6.88 7.63 3.22

Median per-pupil PTA ending balance by ENI quintile (active PTAs only):
	eni_quintile    Q1    Q2   Q3   Q4   Q5
	year                                   
	2019         46.49  5.16 3.17 1.43 0.99
	2020         63.32  9.25 4.49 2.50 2.10
	2021         64.86  8.10 4.78 2.98 2.85
	2022         74.63  8.38 5.15 2.79 2.63
	2023         86.98  9.79 6.35 4.47 2.44
	2024         69.82  9.30 6.03 4.23 2.13
	2025         87.68 10.19 4.90 3.17 2.31

-------------------------------------------------------------------------------
  PTA Income Trends                                                            
-------------------------------------------------------------------------------

Per-pupil PTA income quintiles for active PTAs, by year:
	      0.20  0.40  0.60   0.80
	year                         
	2019  1.99 12.30 31.96 100.29
	2020  0.70  6.74 20.34  69.64
	2021  0.00  2.17 10.57  45.68
	2022  0.29  6.48 22.34  76.76
	2023  1.86 11.25 31.07 100.14
	2024  2.41 12.54 34.70 111.05
	2025  2.90 13.11 41.10 127.53

Racial composition by per-pupil PTA income quintiles (active PTAs only):
	                       p_white                        p_black                         p_hispanic                         p_asian                        
	pp_pta_income_quintile      Q1   Q2    Q3    Q4    Q5      Q1    Q2    Q3    Q4    Q5         Q1    Q2    Q3    Q4    Q5      Q1    Q2    Q3    Q4    Q5
	year                                                                                                                                                    
	2019                      5.00 7.00 10.00 20.00 41.00   36.00 32.00 26.00 17.00 10.00      47.00 48.00 45.00 39.00 22.00    9.00 10.00 17.00 22.00 22.00
	2020                      6.00 7.00  8.00 20.00 41.00   34.00 34.00 28.00 15.00 10.00      46.00 44.00 46.00 39.00 22.00   11.00 12.00 15.00 24.00 21.00
	2021                       NaN 9.00 12.00 22.00 41.00     NaN 27.00 24.00 15.00 11.00        NaN 47.00 44.00 34.00 23.00     NaN 15.00 17.00 26.00 19.00
	2022                      5.00 7.00 10.00 19.00 38.00   31.00 29.00 27.00 17.00 10.00      51.00 48.00 43.00 40.00 22.00   11.00 13.00 16.00 20.00 24.00
	2023                      6.00 6.00 12.00 21.00 37.00   30.00 29.00 25.00 18.00  9.00      50.00 48.00 42.00 36.00 24.00   10.00 13.00 17.00 22.00 23.00
	2024                      5.00 8.00 11.00 20.00 37.00   32.00 28.00 22.00 16.00 10.00      51.00 47.00 46.00 36.00 26.00    9.00 14.00 18.00 24.00 22.00
	2025                      5.00 8.00 10.00 20.00 38.00   30.00 25.00 20.00 14.00  9.00      51.00 49.00 47.00 36.00 26.00   10.00 15.00 19.00 26.00 21.00

-------------------------------------------------------------------------------
  PTA Expenditure Trends                                                       
-------------------------------------------------------------------------------

Per-pupil PTA expenditure quintiles for active PTAs, by year:
	      0.20  0.40  0.60  0.80
	year                        
	2019  1.74  9.28 26.96 83.91
	2020  0.21  3.30 12.65 47.22
	2021  0.00  2.04  8.70 31.51
	2022  0.04  3.67 17.04 55.49
	2023  0.62  6.18 22.75 78.76
	2024  0.99  7.76 27.09 86.47
	2025  1.88  9.26 31.90 94.49

Racial composition by per-pupil PTA expenditure quintiles (active PTAs only):
	                            p_white                        p_black                         p_hispanic                         p_asian                        
	pp_pta_expenditure_quintile      Q1   Q2    Q3    Q4    Q5      Q1    Q2    Q3    Q4    Q5         Q1    Q2    Q3    Q4    Q5      Q1    Q2    Q3    Q4    Q5
	year                                                                                                                                                         
	2019                           5.00 7.00 10.00 20.00 42.00   37.00 31.00 24.00 19.00  9.00      47.00 48.00 47.00 38.00 22.00    9.00 12.00 17.00 21.00 22.00
	2020                           5.00 7.00  9.00 19.00 41.00   34.00 33.00 27.00 17.00 10.00      47.00 44.00 45.00 40.00 22.00   12.00 12.00 16.00 21.00 22.00
	2021                            NaN 7.00 13.00 23.00 41.00     NaN 30.00 18.00 14.00 10.00        NaN 47.00 45.00 34.00 23.00     NaN 12.00 22.00 25.00 20.00
	2022                           6.00 7.00 10.00 20.00 37.00   32.00 30.00 25.00 15.00 11.00      50.00 47.00 45.00 39.00 24.00   10.00 12.00 17.00 23.00 22.00
	2023                           6.00 7.00 12.00 20.00 37.00   30.00 29.00 26.00 16.00 10.00      51.00 46.00 42.00 36.00 23.00    9.00 13.00 17.00 24.00 23.00
	2024                           6.00 8.00 10.00 20.00 37.00   32.00 28.00 23.00 16.00  9.00      51.00 46.00 47.00 36.00 25.00    9.00 15.00 16.00 25.00 23.00
	2025                           6.00 8.00 11.00 19.00 38.00   31.00 25.00 19.00 15.00  9.00      51.00 49.00 46.00 36.00 24.00    9.00 15.00 21.00 25.00 22.00

-------------------------------------------------------------------------------
  PTA End Balance Trends                                                       
-------------------------------------------------------------------------------

Per-pupil PTA end balance quintiles for active PTAs, by year:
	      0.20  0.40  0.60  0.80
	year                        
	2019  0.68  2.54  7.03 33.51
	2020  1.37  4.60 11.51 42.70
	2021  1.71  5.40 12.43 52.26
	2022  1.67  4.88 12.00 49.19
	2023  2.02  6.51 14.15 52.22
	2024  1.73  5.91 13.57 53.90
	2025  1.85  5.92 14.70 56.78

Racial composition by per-pupil PTA end balance quintiles (active PTAs only):
	                            p_white                         p_black                         p_hispanic                         p_asian                        
	pp_pta_end_balance_quintile      Q1    Q2    Q3    Q4    Q5      Q1    Q2    Q3    Q4    Q5         Q1    Q2    Q3    Q4    Q5      Q1    Q2    Q3    Q4    Q5
	year                                                                                                                                                          
	2019                           5.00  7.00 13.00 22.00 38.00   34.00 32.00 27.00 16.00 11.00      49.00 49.00 42.00 37.00 25.00    9.00 10.00 17.00 23.00 21.00
	2020                           5.00  6.00 11.00 21.00 39.00   37.00 33.00 26.00 16.00 11.00      47.00 48.00 43.00 35.00 25.00    9.00 10.00 17.00 25.00 20.00
	2021                           8.00 10.00 13.00 23.00 39.00   30.00 26.00 21.00 14.00 11.00      47.00 48.00 43.00 32.00 25.00   12.00 12.00 20.00 27.00 20.00
	2022                           6.00  7.00 11.00 18.00 36.00   31.00 29.00 25.00 18.00 12.00      50.00 50.00 43.00 36.00 25.00   11.00 10.00 17.00 25.00 21.00
	2023                           6.00  8.00 10.00 21.00 36.00   31.00 29.00 25.00 16.00 11.00      49.00 46.00 46.00 35.00 25.00   11.00 12.00 16.00 25.00 21.00
	2024                           6.00  9.00 10.00 20.00 35.00   33.00 28.00 21.00 18.00 10.00      48.00 46.00 50.00 35.00 27.00   10.00 14.00 17.00 24.00 23.00
	2025                           5.00  9.00 10.00 22.00 35.00   30.00 25.00 21.00 13.00 10.00      52.00 49.00 47.00 34.00 27.00   10.00 14.00 19.00 27.00 21.00

-------------------------------------------------------------------------------
  Median PTA Expenditure as Percent of FSF and Total Budget by ENI Q.          
-------------------------------------------------------------------------------

Median PTA expenditure as a percent of FSF allocations, total public allocations, and total funding by ENI quartile (active PTAs only):
	             pta_expenditure_as_p_of_fsf                     pta_expenditure_as_p_of_public                     pta_expenditure_as_p_of_total                    
	eni_quintile                          Q1   Q2   Q3   Q4   Q5                             Q1   Q2   Q3   Q4   Q5                            Q1   Q2   Q3   Q4   Q5
	year                                                                                                                                                             
	2019                                1.30 0.20 0.10 0.00 0.00                           0.80 0.10 0.00 0.00 0.00                          0.80 0.10 0.00 0.00 0.00
	2020                                0.80 0.10 0.00 0.00 0.00                           0.50 0.00 0.00 0.00 0.00                          0.50 0.00 0.00 0.00 0.00
	2021                                0.40 0.00 0.00 0.00 0.00                           0.20 0.00 0.00 0.00 0.00                          0.20 0.00 0.00 0.00 0.00
	2022                                0.70 0.10 0.00 0.00 0.00                           0.40 0.00 0.00 0.00 0.00                          0.40 0.00 0.00 0.00 0.00
	2023                                1.00 0.20 0.00 0.00 0.00                           0.60 0.10 0.00 0.00 0.00                          0.60 0.10 0.00 0.00 0.00
	2024                                1.00 0.10 0.00 0.00 0.00                           0.60 0.10 0.00 0.00 0.00                          0.60 0.10 0.00 0.00 0.00
	2025                                1.10 0.20 0.00 0.00 0.00                           0.80 0.10 0.00 0.00 0.00                          0.80 0.10 0.00 0.00 0.00
