
-------------------------------------------------------------------------------
  PTA Activity Trends                                                          
-------------------------------------------------------------------------------

Frequencies of PTA activity categories over time:
	pta_category  Active  Inactive  Missing  Total
	year                                          
	2019             955       260      225   1440
	2020             918       234      230   1382
	2021             780       237      366   1383
	2022             985       334       67   1386
	2023             758       213      408   1379
	2024             793       244      347   1384
	2025             747       300      322   1369

-------------------------------------------------------------------------------
  ENI Trends                                                                   
-------------------------------------------------------------------------------

Mean ENI of within PTA activity category over time:
	pta_category  Active  Inactive  Missing
	year                                   
	2019            0.69      0.87     0.79
	2020            0.72      0.88     0.80
	2021            0.69      0.89     0.82
	2022            0.71      0.87     0.80
	2023            0.73      0.90     0.78
	2024            0.76      0.91     0.81
	2025            0.76      0.91     0.81

ENI quintiles, by year:
	      0.20  0.40  0.60  0.80
	year                        
	2019  0.59  0.76  0.85  0.91
	2020  0.62  0.78  0.86  0.92
	2021  0.62  0.78  0.86  0.92
	2022  0.62  0.77  0.85  0.91
	2023  0.65  0.78  0.87  0.93
	2024  0.68  0.82  0.89  0.94
	2025  0.69  0.83  0.89  0.94

Share of schools with active PTAs by ENI quintile over time:
	eni_quintile   Q1   Q2   Q3   Q4   Q5
	year                                 
	2019         0.90 0.81 0.60 0.54 0.48
	2020         0.90 0.81 0.65 0.56 0.44
	2021         0.90 0.73 0.54 0.42 0.29
	2022         0.95 0.88 0.71 0.58 0.47
	2023         0.75 0.66 0.55 0.46 0.36
	2024         0.79 0.71 0.57 0.48 0.36
	2025         0.78 0.71 0.55 0.44 0.30

Median per-pupil PTA income by ENI quintile (active PTAs only):
	eni_quintile     Q1    Q2    Q3    Q4   Q5
	year                                      
	2019         137.23 21.56  9.30  7.50 8.28
	2020          86.44 11.66  5.11  4.92 2.94
	2021          37.54  5.04  1.50  0.19 0.00
	2022          98.46 13.07  6.58  3.75 2.44
	2023         104.27 17.55 11.40  7.86 3.20
	2024         112.61 25.25 10.90 10.24 3.43
	2025         143.58 27.67 11.22  9.77 4.70

Median per-pupil PTA expenditure by ENI quintile (active PTAs only):
	eni_quintile     Q1    Q2   Q3   Q4   Q5
	year                                    
	2019         123.12 15.95 6.98 6.76 7.24
	2020          60.97  6.40 2.16 1.73 1.28
	2021          30.41  3.55 1.12 0.47 0.08
	2022          63.61  8.30 3.23 1.55 0.79
	2023          82.29 16.72 6.95 4.41 1.18
	2024          96.23 15.74 5.97 6.65 1.77
	2025         118.67 20.63 6.98 7.63 3.49

Median per-pupil PTA ending balance by ENI quintile (active PTAs only):
	eni_quintile    Q1    Q2   Q3   Q4   Q5
	year                                   
	2019         46.33  5.16 3.34 1.43 1.17
	2020         49.49  9.12 4.54 2.56 2.25
	2021         42.36  7.64 4.76 3.02 2.88
	2022         57.22  8.31 5.10 2.81 2.53
	2023         52.54  8.71 6.47 4.28 2.49
	2024         50.32  9.23 6.37 4.30 2.12
	2025         58.29 10.13 5.04 3.28 2.25

-------------------------------------------------------------------------------
  PTA Income Trends                                                            
-------------------------------------------------------------------------------

PTA income quintiles for active PTAs, by year:
	      0.20  0.40  0.60   0.80
	year                         
	2019  2.19 12.73 33.39 100.78
	2020  0.67  6.17 18.23  52.26
	2021  0.00  1.77  8.88  34.74
	2022  0.21  5.59 19.82  60.39
	2023  1.56  9.97 25.84  78.76
	2024  2.12 10.89 29.06  76.49
	2025  2.79 11.47 33.08  94.55

Racial composition by PTA income quintiles (active PTAs only):
	                       p_white                        p_black                         p_hispanic                         p_asian                        
	pp_pta_income_quintile      Q1   Q2    Q3    Q4    Q5      Q1    Q2    Q3    Q4    Q5         Q1    Q2    Q3    Q4    Q5      Q1    Q2    Q3    Q4    Q5
	year                                                                                                                                                    
	2019                      5.00 8.00 10.00 20.00 41.00   37.00 32.00 26.00 17.00 10.00      45.00 47.00 45.00 39.00 22.00   10.00 11.00 17.00 22.00 22.00
	2020                      6.00 7.00  8.00 20.00 40.00   35.00 34.00 28.00 15.00 11.00      46.00 45.00 46.00 39.00 24.00   11.00 12.00 15.00 23.00 20.00
	2021                       NaN 9.00 12.00 22.00 39.00     NaN 27.00 24.00 16.00 11.00        NaN 47.00 44.00 34.00 25.00     NaN 15.00 17.00 25.00 20.00
	2022                      5.00 7.00 10.00 19.00 37.00   30.00 29.00 28.00 18.00 11.00      51.00 47.00 43.00 40.00 23.00   10.00 14.00 16.00 20.00 24.00
	2023                      6.00 7.00 12.00 20.00 35.00   30.00 29.00 24.00 18.00  9.00      49.00 47.00 43.00 36.00 25.00   11.00 13.00 17.00 22.00 24.00
	2024                      5.00 7.00 11.00 19.00 34.00   33.00 28.00 22.00 17.00 10.00      50.00 47.00 45.00 37.00 27.00    8.00 15.00 18.00 23.00 23.00
	2025                      5.00 8.00  9.00 20.00 37.00   30.00 26.00 20.00 15.00 10.00      51.00 49.00 48.00 36.00 28.00   10.00 15.00 19.00 26.00 19.00

-------------------------------------------------------------------------------
  PTA Expenditure Trends                                                       
-------------------------------------------------------------------------------

PTA expenditure quintiles for active PTAs, by year:
	      0.20  0.40  0.60  0.80
	year                        
	2019  1.86  9.53 28.09 83.98
	2020  0.20  2.97 10.47 35.66
	2021  0.00  1.56  6.85 25.19
	2022  0.04  3.27 14.93 44.49
	2023  0.47  5.08 19.69 58.76
	2024  0.84  6.78 21.03 60.48
	2025  1.60  8.17 25.95 77.68

Racial composition by PTA expenditure quintiles (active PTAs only):
	                            p_white                        p_black                         p_hispanic                         p_asian                        
	pp_pta_expenditure_quintile      Q1   Q2    Q3    Q4    Q5      Q1    Q2    Q3    Q4    Q5         Q1    Q2    Q3    Q4    Q5      Q1    Q2    Q3    Q4    Q5
	year                                                                                                                                                         
	2019                           5.00 8.00 10.00 19.00 41.00   38.00 31.00 24.00 19.00  9.00      45.00 46.00 47.00 39.00 22.00    9.00 13.00 17.00 20.00 23.00
	2020                           5.00 7.00  9.00 19.00 41.00   34.00 33.00 27.00 17.00 10.00      47.00 45.00 45.00 39.00 23.00   11.00 12.00 16.00 21.00 21.00
	2021                            NaN 7.00 13.00 24.00 40.00     NaN 30.00 18.00 15.00 10.00        NaN 47.00 44.00 33.00 24.00     NaN 13.00 21.00 25.00 21.00
	2022                           6.00 6.00 10.00 20.00 35.00   32.00 31.00 25.00 16.00 12.00      50.00 46.00 44.00 40.00 25.00   10.00 13.00 18.00 22.00 22.00
	2023                           6.00 8.00 12.00 20.00 35.00   30.00 29.00 25.00 16.00 11.00      50.00 46.00 43.00 37.00 25.00    9.00 12.00 17.00 24.00 24.00
	2024                           6.00 8.00 10.00 20.00 34.00   32.00 29.00 23.00 16.00  9.00      51.00 46.00 47.00 37.00 26.00    9.00 14.00 16.00 24.00 25.00
	2025                           6.00 8.00 10.00 18.00 36.00   31.00 25.00 19.00 16.00 11.00      51.00 50.00 47.00 37.00 26.00    9.00 15.00 20.00 25.00 21.00

-------------------------------------------------------------------------------
  PTA End Balance Trends                                                       
-------------------------------------------------------------------------------

PTA end balance quintiles for active PTAs, by year:
	      0.20  0.40  0.60  0.80
	year                        
	2019  0.77  2.66  7.66 34.44
	2020  1.29  4.37 10.23 32.90
	2021  1.66  4.89 10.92 38.32
	2022  1.57  4.50 10.69 34.53
	2023  1.94  5.87 11.89 37.45
	2024  1.65  5.05 11.56 37.20
	2025  1.66  5.46 12.95 42.25

Racial composition by PTA end balance quintiles (active PTAs only):
	                            p_white                         p_black                         p_hispanic                         p_asian                        
	pp_pta_end_balance_quintile      Q1    Q2    Q3    Q4    Q5      Q1    Q2    Q3    Q4    Q5         Q1    Q2    Q3    Q4    Q5      Q1    Q2    Q3    Q4    Q5
	year                                                                                                                                                          
	2019                           5.00  7.00 12.00 21.00 38.00   35.00 32.00 27.00 16.00 11.00      47.00 48.00 41.00 37.00 25.00   10.00 11.00 17.00 23.00 21.00
	2020                           5.00  7.00 11.00 21.00 37.00   37.00 32.00 26.00 16.00 11.00      46.00 48.00 43.00 36.00 27.00   10.00 10.00 17.00 25.00 20.00
	2021                           8.00 10.00 13.00 23.00 36.00   31.00 26.00 21.00 14.00 12.00      45.00 49.00 43.00 32.00 27.00   13.00 12.00 20.00 27.00 20.00
	2022                           6.00  8.00 12.00 18.00 34.00   31.00 29.00 25.00 18.00 13.00      50.00 50.00 43.00 36.00 26.00   11.00 11.00 17.00 25.00 21.00
	2023                           6.00  8.00 10.00 21.00 35.00   31.00 29.00 25.00 15.00 12.00      48.00 46.00 46.00 35.00 27.00   12.00 12.00 16.00 25.00 20.00
	2024                           6.00  9.00 10.00 20.00 31.00   34.00 28.00 21.00 18.00 10.00      48.00 47.00 49.00 35.00 29.00   10.00 14.00 17.00 23.00 23.00
	2025                           5.00  9.00 10.00 21.00 33.00   30.00 25.00 21.00 13.00 11.00      51.00 49.00 47.00 35.00 29.00   10.00 14.00 19.00 26.00 20.00

-------------------------------------------------------------------------------
  Median PTA Expenditure as Percent of FSF and Total Budget by ENI Q.          
-------------------------------------------------------------------------------

Median PTA expenditure as a percent of FSF allocations and total budget by ENI quartile (active PTAs only):
	             pta_expenditure_as_p_of_fsf                     pta_expenditure_as_p_of_budget                    
	eni_quintile                          Q1   Q2   Q3   Q4   Q5                             Q1   Q2   Q3   Q4   Q5
	year                                                                                                           
	2019                                1.30 0.20 0.10 0.10 0.00                           0.80 0.10 0.00 0.00 0.00
	2020                                0.60 0.10 0.00 0.00 0.00                           0.40 0.00 0.00 0.00 0.00
	2021                                0.30 0.00 0.00 0.00 0.00                           0.20 0.00 0.00 0.00 0.00
	2022                                0.60 0.10 0.00 0.00 0.00                           0.30 0.00 0.00 0.00 0.00
	2023                                0.80 0.10 0.00 0.00 0.00                           0.50 0.10 0.00 0.00 0.00
	2024                                0.80 0.10 0.00 0.00 0.00                           0.50 0.10 0.00 0.00 0.00
	2025                                0.90 0.20 0.00 0.00 0.00                           0.60 0.10 0.00 0.00 0.00
