
-------------------------------------------------------------------------------
  PTA Activity Trends                                                          
-------------------------------------------------------------------------------

Frequencies of PTA activity categories over time:
	pta_category  Active  Inactive  Missing  Total
	year                                          
	2019             981       260      225   1466
	2020             987       236      230   1453
	2021             842       237      366   1445
	2022            1047       334       67   1448
	2023             828       213      408   1449
	2024             867       244      347   1458
	2025             831       301      322   1454

-------------------------------------------------------------------------------
  ENI Trends                                                                   
-------------------------------------------------------------------------------

Mean ENI of within PTA activity category over time:
	pta_category  Active  Inactive  Missing
	year                                   
	2019            0.69      0.87     0.79
	2020            0.70      0.88     0.80
	2021            0.67      0.89     0.82
	2022            0.69      0.87     0.80
	2023            0.71      0.90     0.78
	2024            0.73      0.91     0.81
	2025            0.73      0.90     0.81

ENI quintiles, by year:
	      0.20  0.40  0.60  0.80
	year                        
	2019  0.58  0.75  0.84  0.91
	2020  0.59  0.77  0.85  0.92
	2021  0.59  0.76  0.85  0.92
	2022  0.59  0.75  0.84  0.91
	2023  0.61  0.78  0.86  0.92
	2024  0.64  0.81  0.88  0.94
	2025  0.65  0.81  0.89  0.94

Share of schools with active PTAs by ENI quintile over time:
	eni_quintile   Q1   Q2   Q3   Q4   Q5
	year                                 
	2019         0.90 0.81 0.60 0.54 0.48
	2020         0.91 0.82 0.65 0.56 0.45
	2021         0.91 0.74 0.54 0.43 0.29
	2022         0.96 0.89 0.71 0.58 0.47
	2023         0.80 0.67 0.55 0.47 0.37
	2024         0.83 0.72 0.57 0.49 0.36
	2025         0.82 0.72 0.56 0.45 0.31

Median per-pupil PTA income by ENI quintile (active PTAs only):
	eni_quintile     Q1    Q2    Q3    Q4   Q5
	year                                      
	2019         142.50 21.56  9.30  7.50 8.42
	2020         105.80 12.98  5.12  4.95 2.95
	2021          55.99  5.32  1.50  0.19 0.00
	2022         111.15 14.09  6.58  3.75 2.44
	2023         132.41 19.51 11.62  7.86 3.20
	2024         162.24 25.67 11.37 10.29 3.43
	2025         183.64 29.57 11.22  9.75 4.55

Median per-pupil PTA expenditure by ENI quintile (active PTAs only):
	eni_quintile     Q1    Q2   Q3   Q4   Q5
	year                                    
	2019         128.35 15.95 7.37 6.76 6.49
	2020          82.63  6.82 2.28 2.22 1.29
	2021          40.39  3.75 1.16 0.47 0.08
	2022          81.56  9.32 3.20 1.55 0.79
	2023         116.86 16.86 6.95 4.65 1.23
	2024         120.20 16.16 6.24 6.67 1.77
	2025         155.76 21.73 6.98 7.66 3.49

Median per-pupil PTA ending balance by ENI quintile (active PTAs only):
	eni_quintile    Q1    Q2   Q3   Q4   Q5
	year                                   
	2019         49.48  5.40 3.37 1.43 1.20
	2020         66.84  9.58 4.54 2.57 2.26
	2021         67.64  7.98 4.78 3.01 2.88
	2022         80.39  8.51 5.10 2.81 2.53
	2023         86.61  9.28 6.47 4.74 2.49
	2024         75.73  9.41 6.64 4.31 2.12
	2025         91.46 10.52 5.48 3.32 2.26

-------------------------------------------------------------------------------
  PTA Income Trends                                                            
-------------------------------------------------------------------------------

PTA income quintiles for active PTAs, by year:
	      0.20  0.40  0.60   0.80
	year                         
	2019  2.26 13.04 34.63 108.91
	2020  0.83  7.20 21.46  74.63
	2021  0.00  2.63 11.56  50.39
	2022  0.36  7.03 23.26  79.08
	2023  1.89 11.66 32.86 106.06
	2024  2.72 13.18 37.64 115.06
	2025  3.09 13.91 42.88 137.35

Racial composition by PTA income quintiles (active PTAs only):
	                       p_white                        p_black                         p_hispanic                         p_asian                        
	pp_pta_income_quintile      Q1   Q2    Q3    Q4    Q5      Q1    Q2    Q3    Q4    Q5         Q1    Q2    Q3    Q4    Q5      Q1    Q2    Q3    Q4    Q5
	year                                                                                                                                                    
	2019                      5.00 8.00 10.00 21.00 41.00   37.00 32.00 26.00 16.00 10.00      45.00 47.00 45.00 39.00 23.00   10.00 11.00 17.00 22.00 21.00
	2020                      6.00 7.00  9.00 20.00 41.00   34.00 34.00 28.00 15.00 10.00      46.00 45.00 46.00 39.00 23.00   11.00 12.00 15.00 23.00 21.00
	2021                       NaN 9.00 12.00 22.00 41.00     NaN 27.00 24.00 16.00 10.00        NaN 46.00 44.00 35.00 23.00     NaN 15.00 17.00 25.00 20.00
	2022                      5.00 7.00 11.00 19.00 38.00   30.00 29.00 28.00 18.00 10.00      51.00 47.00 43.00 40.00 22.00   11.00 14.00 16.00 20.00 23.00
	2023                      6.00 7.00 12.00 21.00 37.00   30.00 29.00 25.00 18.00  9.00      50.00 47.00 43.00 35.00 24.00   11.00 13.00 17.00 22.00 23.00
	2024                      6.00 8.00 11.00 19.00 37.00   33.00 28.00 23.00 17.00 10.00      50.00 47.00 45.00 36.00 25.00    8.00 15.00 18.00 24.00 22.00
	2025                      5.00 8.00 10.00 20.00 38.00   30.00 26.00 20.00 14.00  9.00      51.00 49.00 48.00 36.00 25.00   10.00 15.00 19.00 26.00 20.00

-------------------------------------------------------------------------------
  PTA Expenditure Trends                                                       
-------------------------------------------------------------------------------

PTA expenditure quintiles for active PTAs, by year:
	      0.20  0.40  0.60   0.80
	year                         
	2019  2.02  9.75 28.82  91.68
	2020  0.24  3.68 13.33  49.44
	2021  0.00  2.21  8.92  33.32
	2022  0.13  3.83 18.05  56.98
	2023  0.79  6.43 23.51  80.85
	2024  1.04  7.98 28.64  92.20
	2025  2.03 10.20 33.85 106.68

Racial composition by PTA expenditure quintiles (active PTAs only):
	                            p_white                        p_black                         p_hispanic                         p_asian                        
	pp_pta_expenditure_quintile      Q1   Q2    Q3    Q4    Q5      Q1    Q2    Q3    Q4    Q5         Q1    Q2    Q3    Q4    Q5      Q1    Q2    Q3    Q4    Q5
	year                                                                                                                                                         
	2019                           5.00 8.00 10.00 19.00 42.00   38.00 31.00 24.00 19.00  9.00      45.00 46.00 47.00 39.00 22.00    9.00 13.00 17.00 20.00 22.00
	2020                           5.00 7.00  9.00 19.00 41.00   34.00 33.00 26.00 18.00 10.00      47.00 45.00 45.00 40.00 23.00   11.00 13.00 16.00 21.00 21.00
	2021                            NaN 7.00 13.00 24.00 42.00     NaN 30.00 18.00 15.00 10.00        NaN 47.00 45.00 33.00 23.00     NaN 13.00 21.00 25.00 20.00
	2022                           6.00 6.00 10.00 20.00 38.00   32.00 31.00 25.00 15.00 11.00      50.00 47.00 44.00 39.00 24.00   10.00 13.00 18.00 22.00 22.00
	2023                           6.00 8.00 12.00 20.00 37.00   30.00 29.00 25.00 16.00 10.00      50.00 46.00 43.00 36.00 23.00    9.00 13.00 17.00 25.00 23.00
	2024                           6.00 8.00 10.00 20.00 37.00   32.00 29.00 23.00 16.00  9.00      51.00 46.00 47.00 36.00 24.00    9.00 14.00 16.00 25.00 23.00
	2025                           6.00 8.00 11.00 19.00 38.00   30.00 25.00 19.00 15.00 10.00      51.00 50.00 47.00 37.00 24.00   10.00 15.00 20.00 25.00 21.00

-------------------------------------------------------------------------------
  PTA End Balance Trends                                                       
-------------------------------------------------------------------------------

PTA end balance quintiles for active PTAs, by year:
	      0.20  0.40  0.60  0.80
	year                        
	2019  0.81  2.84  8.55 40.22
	2020  1.49  4.82 12.19 47.25
	2021  1.74  5.64 12.81 60.32
	2022  1.74  5.07 12.81 50.69
	2023  2.10  6.67 14.58 52.75
	2024  1.75  6.16 14.09 56.44
	2025  1.93  6.46 16.10 67.68

Racial composition by PTA end balance quintiles (active PTAs only):
	                            p_white                         p_black                         p_hispanic                         p_asian                        
	pp_pta_end_balance_quintile      Q1    Q2    Q3    Q4    Q5      Q1    Q2    Q3    Q4    Q5         Q1    Q2    Q3    Q4    Q5      Q1    Q2    Q3    Q4    Q5
	year                                                                                                                                                          
	2019                           5.00  7.00 12.00 21.00 38.00   35.00 32.00 27.00 16.00 12.00      47.00 48.00 41.00 37.00 25.00   10.00 11.00 17.00 23.00 21.00
	2020                           5.00  7.00 11.00 21.00 39.00   37.00 32.00 25.00 16.00 11.00      46.00 48.00 43.00 36.00 25.00   10.00 10.00 17.00 25.00 20.00
	2021                           9.00 10.00 13.00 23.00 39.00   31.00 26.00 21.00 14.00 11.00      45.00 49.00 43.00 32.00 25.00   12.00 12.00 20.00 27.00 19.00
	2022                           6.00  8.00 12.00 19.00 37.00   31.00 29.00 25.00 17.00 11.00      49.00 50.00 43.00 36.00 25.00   11.00 11.00 17.00 25.00 21.00
	2023                           6.00  8.00 10.00 21.00 36.00   30.00 29.00 25.00 15.00 11.00      48.00 47.00 46.00 34.00 25.00   12.00 12.00 16.00 26.00 21.00
	2024                           6.00  9.00 10.00 20.00 35.00   33.00 27.00 21.00 18.00 10.00      48.00 47.00 49.00 35.00 26.00   10.00 14.00 17.00 24.00 22.00
	2025                           5.00  9.00 10.00 22.00 35.00   30.00 25.00 21.00 13.00 10.00      51.00 49.00 47.00 35.00 27.00   10.00 14.00 19.00 27.00 20.00

-------------------------------------------------------------------------------
  Median PTA Expenditure as Percent of FSF and Total Budget by ENI Q.          
-------------------------------------------------------------------------------

Median PTA expenditure as a percent of FSF allocations and total budget by ENI quartile (active PTAs only):
	             pta_expenditure_as_p_of_fsf                     pta_expenditure_as_p_of_budget                    
	eni_quintile                          Q1   Q2   Q3   Q4   Q5                             Q1   Q2   Q3   Q4   Q5
	year                                                                                                           
	2019                                1.30 0.20 0.10 0.10 0.00                           0.80 0.10 0.00 0.00 0.00
	2020                                0.80 0.10 0.00 0.00 0.00                           0.50 0.00 0.00 0.00 0.00
	2021                                0.40 0.00 0.00 0.00 0.00                           0.20 0.00 0.00 0.00 0.00
	2022                                0.70 0.10 0.00 0.00 0.00                           0.40 0.00 0.00 0.00 0.00
	2023                                1.10 0.10 0.00 0.00 0.00                           0.70 0.10 0.00 0.00 0.00
	2024                                1.10 0.10 0.00 0.00 0.00                           0.70 0.10 0.00 0.00 0.00
	2025                                1.20 0.20 0.00 0.00 0.00                           0.80 0.10 0.00 0.00 0.00
