
-------------------------------------------------------------------------------
  PTA Activity Trends                                                          
-------------------------------------------------------------------------------

Frequencies of PTA activity categories over time:
	pta_category  Active  Inactive  Missing  Total
	year                                          
	2019            1035       260      225   1520
	2020            1006       236      230   1472
	2021             854       237      366   1457
	2022            1057       334       67   1458
	2023             842       213      408   1463
	2024             880       244      347   1471
	2025             857       301      322   1480

-------------------------------------------------------------------------------
  ENI Trends                                                                   
-------------------------------------------------------------------------------

Mean ENI of within PTA activity category over time:
	pta_category  Active  Inactive  Missing
	year                                   
	2019            0.70      0.87     0.79
	2020            0.70      0.88     0.80
	2021            0.67      0.89     0.82
	2022            0.69      0.87     0.80
	2023            0.71      0.90     0.78
	2024            0.73      0.91     0.81
	2025            0.73      0.90     0.81

ENI quintiles, by year:
	      0.20  0.40  0.60  0.80
	year                        
	2019  0.59  0.76  0.85  0.92
	2020  0.59  0.77  0.85  0.92
	2021  0.59  0.76  0.85  0.92
	2022  0.58  0.75  0.84  0.91
	2023  0.62  0.78  0.86  0.92
	2024  0.64  0.81  0.88  0.94
	2025  0.65  0.81  0.89  0.94

Share of schools with active PTAs by ENI quintile over time:
	eni_quintile   Q1   Q2   Q3   Q4   Q5
	year                                 
	2019         0.90 0.82 0.62 0.55 0.52
	2020         0.92 0.82 0.65 0.57 0.45
	2021         0.91 0.74 0.55 0.44 0.29
	2022         0.96 0.89 0.71 0.58 0.48
	2023         0.80 0.67 0.55 0.48 0.38
	2024         0.83 0.72 0.58 0.49 0.37
	2025         0.83 0.72 0.57 0.46 0.32

Median per-pupil PTA income by ENI quintile (active PTAs only):
	eni_quintile     Q1    Q2    Q3   Q4   Q5
	year                                     
	2019         142.16 22.70  9.13 7.50 7.96
	2020         105.06 12.44  5.09 4.95 2.86
	2021          56.63  5.31  1.38 0.12 0.00
	2022         112.37 13.99  6.35 3.73 2.54
	2023         131.43 20.21 11.62 8.04 3.20
	2024         162.24 25.95 11.15 9.52 3.43
	2025         185.53 29.57 11.01 9.75 4.55

Median per-pupil PTA expenditure by ENI quintile (active PTAs only):
	eni_quintile     Q1    Q2   Q3   Q4   Q5
	year                                    
	2019         126.90 16.36 6.98 6.43 6.49
	2020          79.38  6.76 2.22 2.52 1.32
	2021          40.35  3.87 1.12 0.53 0.08
	2022          82.69  9.32 3.16 1.55 0.82
	2023         114.88 17.18 6.95 4.68 1.15
	2024         120.20 18.59 6.22 6.67 1.87
	2025         157.85 21.44 7.09 7.66 3.23

Median per-pupil PTA ending balance by ENI quintile (active PTAs only):
	eni_quintile    Q1    Q2   Q3   Q4   Q5
	year                                   
	2019         48.76  5.41 3.22 1.43 1.06
	2020         64.30  9.73 4.49 2.54 2.20
	2021         67.74  8.22 4.81 3.01 2.88
	2022         82.31  8.51 5.10 2.79 2.63
	2023         85.11  9.28 6.47 4.66 2.49
	2024         75.04  9.41 6.37 4.31 2.13
	2025         93.05 10.14 5.52 3.25 2.33

-------------------------------------------------------------------------------
  PTA Income Trends                                                            
-------------------------------------------------------------------------------

Per-pupil PTA income quintiles for active PTAs, by year:
	      0.20  0.40  0.60   0.80
	year                         
	2019  2.17 12.66 33.06 105.57
	2020  0.78  7.04 21.32  74.65
	2021  0.00  2.28 11.56  51.47
	2022  0.32  6.91 23.67  79.53
	2023  1.87 11.44 32.15 105.61
	2024  2.68 13.16 37.61 115.07
	2025  3.04 13.74 42.84 139.09

Racial composition by per-pupil PTA income quintiles (active PTAs only):
	                       p_white                        p_black                         p_hispanic                         p_asian                        
	pp_pta_income_quintile      Q1   Q2    Q3    Q4    Q5      Q1    Q2    Q3    Q4    Q5         Q1    Q2    Q3    Q4    Q5      Q1    Q2    Q3    Q4    Q5
	year                                                                                                                                                    
	2019                      5.00 7.00 10.00 20.00 40.00   35.00 32.00 26.00 17.00 10.00      47.00 47.00 45.00 39.00 23.00   10.00 11.00 17.00 22.00 21.00
	2020                      6.00 7.00  9.00 20.00 41.00   34.00 34.00 28.00 15.00 10.00      46.00 44.00 46.00 39.00 23.00   11.00 12.00 15.00 23.00 21.00
	2021                       NaN 9.00 12.00 23.00 41.00     NaN 26.00 24.00 15.00 11.00        NaN 46.00 44.00 34.00 24.00     NaN 15.00 17.00 25.00 19.00
	2022                      5.00 7.00 11.00 19.00 38.00   30.00 29.00 27.00 17.00 10.00      51.00 47.00 43.00 40.00 23.00   11.00 14.00 16.00 20.00 23.00
	2023                      6.00 7.00 12.00 21.00 37.00   30.00 29.00 25.00 18.00  9.00      50.00 48.00 42.00 35.00 24.00   10.00 13.00 17.00 22.00 23.00
	2024                      6.00 8.00 11.00 20.00 37.00   33.00 28.00 22.00 16.00 10.00      50.00 47.00 46.00 36.00 25.00    8.00 14.00 18.00 24.00 22.00
	2025                      5.00 8.00 10.00 20.00 38.00   30.00 25.00 20.00 14.00  9.00      51.00 49.00 47.00 36.00 26.00   10.00 15.00 19.00 26.00 20.00

-------------------------------------------------------------------------------
  PTA Expenditure Trends                                                       
-------------------------------------------------------------------------------

Per-pupil PTA expenditure quintiles for active PTAs, by year:
	      0.20  0.40  0.60   0.80
	year                         
	2019  1.88  9.39 27.73  88.85
	2020  0.23  3.66 13.25  48.03
	2021  0.00  2.31  8.96  34.38
	2022  0.08  3.82 18.07  57.24
	2023  0.65  6.58 23.40  80.52
	2024  1.09  8.09 28.80  96.14
	2025  1.96  9.86 33.35 107.31

Racial composition by per-pupil PTA expenditure quintiles (active PTAs only):
	                            p_white                        p_black                         p_hispanic                         p_asian                        
	pp_pta_expenditure_quintile      Q1   Q2    Q3    Q4    Q5      Q1    Q2    Q3    Q4    Q5         Q1    Q2    Q3    Q4    Q5      Q1    Q2    Q3    Q4    Q5
	year                                                                                                                                                         
	2019                           5.00 7.00 10.00 20.00 41.00   37.00 31.00 24.00 19.00 10.00      46.00 47.00 47.00 38.00 23.00    9.00 12.00 17.00 20.00 21.00
	2020                           5.00 7.00 10.00 19.00 41.00   34.00 34.00 26.00 17.00  9.00      47.00 44.00 46.00 40.00 22.00   12.00 12.00 16.00 21.00 22.00
	2021                            NaN 7.00 13.00 24.00 41.00     NaN 30.00 18.00 14.00 10.00        NaN 47.00 45.00 33.00 23.00     NaN 13.00 21.00 25.00 20.00
	2022                           6.00 7.00 10.00 20.00 38.00   32.00 30.00 25.00 15.00 11.00      50.00 47.00 45.00 39.00 24.00   10.00 13.00 17.00 23.00 22.00
	2023                           6.00 7.00 12.00 20.00 37.00   30.00 29.00 26.00 16.00 10.00      51.00 46.00 42.00 36.00 23.00    9.00 13.00 17.00 25.00 23.00
	2024                           6.00 8.00 10.00 20.00 37.00   32.00 28.00 23.00 16.00  9.00      51.00 46.00 47.00 36.00 25.00    9.00 14.00 17.00 25.00 22.00
	2025                           6.00 8.00 11.00 19.00 38.00   30.00 25.00 19.00 16.00  9.00      51.00 49.00 47.00 36.00 25.00    9.00 15.00 20.00 25.00 21.00

-------------------------------------------------------------------------------
  PTA End Balance Trends                                                       
-------------------------------------------------------------------------------

Per-pupil PTA end balance quintiles for active PTAs, by year:
	      0.20  0.40  0.60  0.80
	year                        
	2019  0.73  2.60  7.86 38.19
	2020  1.46  4.76 12.10 47.28
	2021  1.74  5.64 13.10 62.63
	2022  1.73  5.07 12.84 51.68
	2023  2.02  6.53 14.33 52.37
	2024  1.75  6.10 14.07 56.51
	2025  1.88  6.36 15.94 66.33

Racial composition by per-pupil PTA end balance quintiles (active PTAs only):
	                            p_white                         p_black                         p_hispanic                         p_asian                        
	pp_pta_end_balance_quintile      Q1    Q2    Q3    Q4    Q5      Q1    Q2    Q3    Q4    Q5         Q1    Q2    Q3    Q4    Q5      Q1    Q2    Q3    Q4    Q5
	year                                                                                                                                                          
	2019                           5.00  7.00 12.00 21.00 37.00   34.00 31.00 27.00 16.00 12.00      49.00 48.00 41.00 37.00 26.00   10.00 11.00 17.00 23.00 20.00
	2020                           5.00  7.00 11.00 21.00 38.00   37.00 32.00 25.00 16.00 11.00      46.00 48.00 44.00 35.00 26.00   10.00 11.00 17.00 25.00 20.00
	2021                           9.00 10.00 13.00 23.00 39.00   31.00 26.00 21.00 14.00 11.00      46.00 49.00 43.00 32.00 25.00   12.00 12.00 20.00 27.00 20.00
	2022                           6.00  8.00 12.00 19.00 37.00   31.00 29.00 25.00 17.00 11.00      50.00 50.00 43.00 36.00 25.00   11.00 11.00 17.00 25.00 21.00
	2023                           6.00  8.00 10.00 21.00 36.00   30.00 29.00 25.00 15.00 11.00      48.00 46.00 46.00 34.00 25.00   11.00 12.00 16.00 25.00 21.00
	2024                           6.00  9.00 10.00 20.00 36.00   33.00 28.00 21.00 17.00 10.00      48.00 46.00 49.00 35.00 26.00   10.00 14.00 17.00 24.00 22.00
	2025                           5.00  9.00 10.00 22.00 35.00   30.00 25.00 21.00 13.00 10.00      52.00 50.00 46.00 34.00 27.00   11.00 14.00 19.00 27.00 21.00

-------------------------------------------------------------------------------
  Median PTA Expenditure as Percent of FSF and Total Budget by ENI Q.          
-------------------------------------------------------------------------------

Median PTA expenditure as a percent of FSF allocations and total budget by ENI quartile (active PTAs only):
	             pta_expenditure_as_p_of_fsf                     pta_expenditure_as_p_of_budget                    
	eni_quintile                          Q1   Q2   Q3   Q4   Q5                             Q1   Q2   Q3   Q4   Q5
	year                                                                                                           
	2019                                1.30 0.20 0.10 0.00 0.00                           0.80 0.10 0.00 0.00 0.00
	2020                                0.80 0.10 0.00 0.00 0.00                           0.50 0.00 0.00 0.00 0.00
	2021                                0.40 0.00 0.00 0.00 0.00                           0.20 0.00 0.00 0.00 0.00
	2022                                0.80 0.10 0.00 0.00 0.00                           0.40 0.00 0.00 0.00 0.00
	2023                                1.10 0.10 0.00 0.00 0.00                           0.70 0.10 0.00 0.00 0.00
	2024                                1.10 0.10 0.00 0.00 0.00                           0.70 0.10 0.00 0.00 0.00
	2025                                1.20 0.20 0.00 0.00 0.00                           0.80 0.10 0.00 0.00 0.00
